11 11
-0.001 -0.002 -0.003 -0.004 -0.005 -0.005 -0.005 -0.004 -0.003 -0.002 -0.001
-0.002 -0.003 -0.005 -0.007 -0.008 -0.008 -0.008 -0.007 -0.005 -0.003 -0.001
-0.003 -0.005 -0.007 -0.010 -0.012 -0.012 -0.012 -0.010 -0.007 -0.005 -0.003
-0.004 -0.007 -0.010 -0.013 -0.015 -0.016 -0.015 -0.013 -0.010 -0.007 -0.004
-0.005 -0.008 -0.012 -0.015 -0.018 -0.019 -0.018 -0.015 -0.012 -0.008 -0.005
-0.005 -0.008 -0.012 -0.016 -0.019  1.980 -0.019 -0.016 -0.012 -0.008 -0.005
-0.005 -0.008 -0.012 -0.015 -0.018 -0.019 -0.018 -0.015 -0.012 -0.008 -0.005
-0.004 -0.007 -0.010 -0.013 -0.015 -0.016 -0.015 -0.013 -0.010 -0.007 -0.004
-0.003 -0.005 -0.007 -0.010 -0.012 -0.012 -0.012 -0.010 -0.007 -0.005 -0.003
-0.002 -0.003 -0.005 -0.007 -0.008 -0.008 -0.008 -0.007 -0.005 -0.003 -0.001
-0.001 -0.002 -0.003 -0.004 -0.005 -0.005 -0.005 -0.004 -0.003 -0.002 -0.001

